74
72
72
73
69
69
71
76
71
73
73
74
74
69
70
73
75
78
79
76
74
76
72
71
75
77
74
73
74
78
73
75
73
75
75
74
69
71
74
73
73
76
74
74
70
72
77
74
70
73
75
76
76
78
74
74
76
77
81
78
75
77
75
76
74
72
72
75
73
73
73
70
70
70
76
68
71
72
75
75
75
75
68
74
78
71
73
76
74
74
79
75
73
76
74
74
73
72
74
73
74
72
73
69
72
73
75
75
73
72
72
76
74
72
77
74
77
75
76
80
74
74
75
78
73
73
74
75
76
71
73
74
76
76
74
73
74
70
72
73
73
73
73
71
74
74
72
74
71
74
73
75
75
79
73
75
76
74
76
78
74
76
72
74
76
74
75
78
75
72
74
72
74
70
71
70
75
71
71
73
72
71
73
72
75
74
74
75
73
77
73
76
75
74
76
75
73
71
76
75
72
71
77
73
74
71
72
74
75
73
72
75
75
74
72
74
71
70
74
77
77
75
75
78
75
76
73
75
75
79
77
76
71
75
74
69
71
76
72
72
70
72
73
71
72
71
73
72
73
74
74
72
75
74
74
77
75
73
72
71
74
77
75
75
75
78
78
74
76
78
76
70
72
80
74
74
71
70
72
71
74
71
72
71
74
69
76
75
75
76
73
76
73
77
73
72
72
77
77
71
74
74
73
78
75
73
70
74
72
73
73
75
75
74
76
73
74
75
75
72
73
73
72
74
78
76
73
74
75
70
75
71
72
78
75
73
73
71
75
77
72
69
73
74
72
70
75
70
72
72
74
73
74
76
75
80
72
75
73
74
74
73
75
75
71
73
75
74
74
72
74
74
74
73
76
75
72
73
73
73
72
72
72
72
71
75
75
74
73
75
79
74
76
73
74
74
70
74
75
74
76
75
75
76
75
75
75
74
75
75
74
75
73
75
76
78
74
73
77
75
73
75
75
75
78
77
77
71
76
71
75
78
77
75
73
76
77
73
75
76
75
77
75
74
75
73
76
77
73
75
73
76
73
72
75
76
77
74
76
76
74
76
76
73
75
77
75
74
75
76
77
81
78
75
77
75
76
74
72
72
75
73
73
73
70
70
70
76
68
71
72