180
215
210
188
176
209
200
231
180
188
180
185
160
180
185
189
185
219
230
205
230
195
180
192
225
203
195
182
188
200
180
200
200
245
240
215
185
175
199
200
215
200
205
206
186
188
220
210
195
200
200
212
224
210
205
220
195
200
260
228
270
200
210
190
220
180
205
210
220
211
200
180
190
170
230
155
185
185
200
225
225
220
160
205
235
250
210
190
160
200
205
222
195
205
220
220
170
185
195
220
230
180
220
180
180
170
210
215
200
213
180
192
235
185
235
210
222
210
230
220
180
190
200
210
194
180
190
240
200
198
200
195
210
220
190
210
225
180
185
170
185
185
180
178
175
200
204
211
190
210
190
190
185
290
175
185
200
220
170
220
190
220
205
200
250
225
215
210
215
195
200
194
220
180
180
170
195
180
170
206
205
200
225
201
225
233
180
225
180
220
180
237
215
190
235
190
180
165
195
200
190
190
185
185
205
190
205
206
220
208
170
195
210
190
211
230
170
185
185
241
225
210
175
230
200
215
198
226
278
215
230
240
184
219
170
218
190
225
220
176
190
197
204
167
180
195
220
215
185
190
205
205
200
210
215
200
205
211
190
208
200
210
232
230
210
220
210
202
212
225
170
190
200
237
220
170
193
190
150
220
200
190
185
185
200
172
220
225
190
195
219
190
197
200
195
210
177
220
235
180
195
195
190
230
190
200
190
190
200
200
184
200
180
219
187
200
220
205
190
170
160
215
175
205
200
214
200
190
180
205
220
190
215
235
191
200
181
200
210
240
185
165
190
185
175
155
210
170
175
220
210
205
200
205
195
240
150
200
215
202
200
190
205
190
160
215
185
200
190
210
185
220
190
202
205
220
175
160
190
200
229
206
220
180
195
175
188
230
190
200
190
219
235
180
180
180
200
195
220
230
170
220
230
165
205
192
210
205
200
210
180
190
196
180
230
180
205
250
200
225
175
220
170
190
245
240
215
250
220
224
210
195
200
220
205
200
250
200
220
192
185
185
195
202
200
194
220
180
200
225
206
235
305
190
190
220
220
170
185
190
210
185
195
184
200
210
193
225
200
200
210
260
228
270
200
210
190
220
180
205
210
220
211
200
180
190
170
230
155
185
185